728621.9895833334
805521.765625
985815.125
1199213.1666666667
325913.3333333333
1069399.7083333333
547997.2708333334
822361.8020833334
1299890.0729166667
288473.3958333333
558583.2916666666
1225789.4791666667
1039579.90625
954097.4791666666
218638.8125
1316959.15625
644432.0416666666
875032.0416666666
1054328.8333333333
21107.877604166668
745799.8020833334
1265103.6875
659635.9895833334
970625.6145833334
421107.0833333333
808787.0833333334
555018.3645833334
1433186.5
887301.6354166666
323687.9166666667
897914.3333333334
1423108.34375
848089.84375
624698.5208333334
103867.82291666667
918711.28125
925627.21875
710252.6354166666
1135916.0208333333
223376.14583333334
687231.0520833334
748811.2916666666
765757.71875
1473514.4583333333
180265.47916666666
594432.6510416666
1371395.3958333333
940016.6875
573893.0104166666
424212.6666666667
999417.625
739044.65625
921541.0
774485.421875
396896.8333333333
736528.8229166666
1195707.6875
593173.9270833334
901719.3958333334
287067.125
675127.6458333334
665330.71875
1210667.9791666667
862844.2604166666
159042.41666666666
431627.0494791667
1139366.625
1182772.8958333333
457007.9166666667
325446.0625
416844.7552083333
859512.4375
1050996.2291666667
645607.96875
521074.25
742261.1770833334
871469.15625
760535.7395833334
781039.1354166666
6708.268880208333
895827.0729166666
544284.09375
680028.09375
771993.28125
230482.10416666666
631629.5729166666
484104.3958333333
997585.0208333334
731397.671875
96327.125
783228.9583333334
601970.5208333334
431680.6145833333
790583.875
263626.9166666667
455561.703125
652825.5833333334
751214.4375
654662.6666666666
196712.08333333334
446939.0364583333
482831.8177083333
621004.5729166666
860881.6614583334
120628.85416666667
461202.78125
641665.7447916666
548086.7239583334
675529.4479166666
59641.953125
464710.3841145833
581969.40625
473547.46875
698230.0989583334
55396.072916666664
782742.2083333334
596482.7239583334
273893.3385416667
451999.9322916667
91757.4375
461507.9661458333
672783.4427083334
379139.4635416667
484655.1354166667
117787.69791666667
635151.8854166666
709949.3333333334
441496.3333333333
227708.30208333334
56639.979166666664
568256.9895833334
527146.84375
447392.0052083333
353768.234375
164492.0
713571.8229166666
381455.40625
456837.6875
397115.2395833333
45182.09375
240181.078125
354985.75
548505.046875
760773.9895833334
102721.9375
234823.81770833334
623945.2473958334
509676.3489583333
478220.8072916667
125843.0
680245.75
359782.75
508704.0625
324725.53125
66603.6875
405924.65625
480026.265625
352805.0885416667
567342.0625
155739.36458333334
241779.359375
509119.6614583333
723129.1979166666
407477.3177083333
54383.911458333336
